<?xml version="1.0"?>
<opencv_storage>
<calibration_time>"Wed 08 Mar 2017 02:19:13 PM ICT"</calibration_time>
<nr_of_frames>25</nr_of_frames>
<image_width>640</image_width>
<image_height>480</image_height>
<board_width>9</board_width>
<board_height>6</board_height>
<square_size>25.</square_size>
<fix_aspect_ratio>1.</fix_aspect_ratio>
<!-- flags: +fix_aspectRatio +fix_principal_point +zero_tangent_dist +fix_k4 +fix_k5 -->
<flags>6158</flags>
<fisheye_model>0</fisheye_model>
<camera_matrix type_id="opencv-matrix">
  <rows>3</rows>
  <cols>3</cols>
  <dt>d</dt>
  <data>
    7.3453875914177740e+02 0. 320. 0. 7.3453875914177740e+02 240. 0. 0.
    1.</data></camera_matrix>
<distortion_coefficients type_id="opencv-matrix">
  <rows>5</rows>
  <cols>1</cols>
  <dt>d</dt>
  <data>
    -3.6562220678453561e-01 1.3627588133723870e+01 0. 0.
    -1.1104605048681627e+02</data></distortion_coefficients>
<avg_reprojection_error>5.0136317616523229e-01</avg_reprojection_error>
<per_view_reprojection_errors type_id="opencv-matrix">
  <rows>25</rows>
  <cols>1</cols>
  <dt>f</dt>
  <data>
    4.90925759e-01 4.92782623e-01 4.71531481e-01 5.20575643e-01
    5.29814422e-01 5.18455625e-01 5.11234403e-01 4.73783165e-01
    5.38848400e-01 4.71574932e-01 5.18840194e-01 4.97059166e-01
    4.79205757e-01 5.06539881e-01 5.23092628e-01 4.97656405e-01
    4.98630255e-01 5.10125756e-01 5.08622646e-01 4.99597192e-01
    4.91499901e-01 4.59128141e-01 4.86315340e-01 5.26295900e-01
    5.02079368e-01</data></per_view_reprojection_errors>
<!-- a set of 6-tuples (rotation vector + translation vector) for each view -->
<extrinsic_parameters type_id="opencv-matrix">
  <rows>25</rows>
  <cols>6</cols>
  <dt>d</dt>
  <data>
    -1.8449323173979404e-01 2.4449278275626221e-01
    -1.1720126027874164e-01 -9.3535570932433529e+01
    -4.0937411041020376e+01 5.4462820868842857e+02
    -1.9301049017412683e-01 2.4444852981260892e-01
    -1.1833998724985009e-01 -9.3523191082592803e+01
    -4.1536197000661893e+01 5.4556392743170602e+02
    -2.0051511278089368e-01 2.4449294162291715e-01
    -1.2449339373446877e-01 -9.2523101383573447e+01
    -3.9810918548064521e+01 5.4573045049861537e+02
    -2.0126836323945127e-01 2.5134986134088172e-01
    -1.3346758045996168e-01 -9.2332059616484756e+01
    -3.7661928469048426e+01 5.4629472445483975e+02
    -1.9562745061812040e-01 2.5131889388303674e-01
    -1.3020773623128457e-01 -9.2623694880058764e+01
    -3.8314748380203028e+01 5.4647654811848201e+02
    -1.9121624431528447e-01 2.4924152807369987e-01
    -1.3027473125382610e-01 -9.3665582905624930e+01
    -3.8589958991440724e+01 5.4658977494087537e+02
    -1.9437454899074688e-01 2.4894779271647838e-01
    -1.2909937858526177e-01 -9.4486570178536908e+01
    -3.7969073744390506e+01 5.4664360958180714e+02
    -1.9721617302606348e-01 2.4744857230537262e-01
    -1.2626877310728787e-01 -9.4302141018223679e+01
    -3.6976313751970594e+01 5.4641738674577050e+02
    -2.0381694733077155e-01 2.3723893574147459e-01
    -1.3878742532393903e-01 -9.2823652890118794e+01
    -3.4016546344394968e+01 5.4718356376984070e+02
    -1.8446451927683333e-01 2.4368836572292871e-01
    -1.3110476967712290e-01 -9.0883346665340468e+01
    -3.7287922458372563e+01 5.5208278382276126e+02
    -1.9406331145657640e-01 2.4377058049878961e-01
    -1.3096932475953746e-01 -8.9048979534435603e+01
    -3.8296256510130647e+01 5.5157225978182157e+02
    -2.0152675118282398e-01 2.4849117591771425e-01
    -1.2141859280514443e-01 -8.7423950701305387e+01
    -3.9150503049926684e+01 5.5044816777601136e+02
    -2.0612453231416186e-01 2.4747633880593639e-01
    -1.2436132604026490e-01 -8.6629518344828824e+01
    -3.8783967439076811e+01 5.4973556656457890e+02
    -2.0867220395900379e-01 2.4919356000897810e-01
    -1.3082280012032196e-01 -8.6102102131964486e+01
    -3.8009124773167564e+01 5.4930993949118749e+02
    -1.9792615878992964e-01 2.5573778814425974e-01
    -1.2834738206384538e-01 -8.5879398084725835e+01
    -3.8370431086327699e+01 5.4962446885134455e+02
    -1.9552344497261950e-01 2.5665056169933137e-01
    -1.2870780683831529e-01 -8.4408330093037080e+01
    -3.8759475861842994e+01 5.4912046574157853e+02
    -2.0027802121359950e-01 2.5429153528321219e-01
    -1.3045002790291790e-01 -8.3681750741792442e+01
    -3.7457190899354416e+01 5.4802436912287305e+02
    -2.0431850081657585e-01 2.5446795776501141e-01
    -1.2747458767637054e-01 -8.3278287503905560e+01
    -3.7467090843211835e+01 5.4796508231504026e+02
    -2.0179073833118094e-01 2.5296275476038571e-01
    -1.2676489844351965e-01 -8.2765311921503525e+01
    -3.7710621885498760e+01 5.4770859167533297e+02
    -1.9976201967168658e-01 2.4890939833015635e-01
    -1.2878930797008498e-01 -8.2084862638196356e+01
    -3.7532419949203685e+01 5.4744148709137926e+02
    -1.9611217180375165e-01 2.4887889768567895e-01
    -1.2992563528158191e-01 -8.1545630157831070e+01
    -3.7945579269175241e+01 5.4780646884354769e+02
    -1.9528163529911682e-01 2.5378138006889422e-01
    -1.2871192535339654e-01 -7.9695051573503576e+01
    -3.7382474539124232e+01 5.4808177787286252e+02
    -2.0099240257931478e-01 2.5591105535734476e-01
    -1.3168234613771951e-01 -7.8968836046117815e+01
    -3.6083965753788561e+01 5.4848364158246795e+02
    -2.0162134740062518e-01 2.5600690671576404e-01
    -1.2996072427448688e-01 -7.9081396466282413e+01
    -3.6735949136770280e+01 5.4927073910012371e+02
    -2.0263784116080719e-01 2.5294448643968992e-01
    -1.3041172052104966e-01 -7.9254120896754173e+01
    -3.7475876691085496e+01 5.4963397716209170e+02</data></extrinsic_parameters>
